   5.00000000       23.999177932739258     
   4.98999977       23.640665054321289     
   4.97999954       23.288024902343750     
   4.96999931       22.941169738769531     
   4.95999908       22.599925994873047     
   4.94999886       22.264333724975586     
   4.93999863       21.934186935424805     
   4.92999840       21.609386444091797     
   4.91999817       21.289865493774414     
   4.90999794       20.975702285766602     
   4.89999771       20.666503906250000     
   4.88999748       20.362319946289062     
   4.87999725       20.063137054443359     
   4.86999702       19.768695831298828     
   4.85999680       19.479093551635742     
   4.84999657       19.194162368774414     
   4.83999634       18.913827896118164     
   4.82999611       18.638011932373047     
   4.81999588       18.366651535034180     
   4.80999565       18.099660873413086     
   4.79999542       17.836919784545898     
   4.78999519       17.578453063964844     
   4.77999496       17.324083328247070     
   4.76999474       17.073841094970703     
   4.75999451       16.827550888061523     
   4.74999428       16.585273742675781     
   4.73999405       16.346801757812500     
   4.72999382       16.112152099609375     
   4.71999359       15.881713867187500     
   4.70999336       15.654457092285156     
   4.69999313       15.430829048156738     
   4.68999290       15.210783004760742     
   4.67999268       14.994245529174805     
   4.66999245       14.781126976013184     
   4.65999222       14.571399688720703     
   4.64999199       14.364971160888672     
   4.63999176       14.161790847778320     
   4.62999153       13.961827278137207     
   4.61999130       13.765073776245117     
   4.60999107       13.571350097656250     
   4.59999084       13.380729675292969     
   4.58999062       13.193032264709473     
   4.57999039       13.008392333984375     
   4.56999016       12.826561927795410     
   4.55998993       12.647606849670410     
   4.54998970       12.471472740173340     
   4.53998947       12.298055648803711     
   4.52998924       12.127371788024902     
   4.51998901       11.959372520446777     
   4.50998878       11.793981552124023     
   4.49998856       11.631117820739746     
   4.48998833       11.470838546752930     
   4.47998810       11.313054084777832     
   4.46998787       11.157699584960938     
   4.45998764       11.004767417907715     
   4.44998741       10.854193687438965     
   4.43998718       10.705953598022461     
   4.42998695       10.559983253479004     
   4.41998672       10.416294097900391     
   4.40998650       10.274813652038574     
   4.39998627       10.135505676269531     
   4.38998604       9.9983615875244141     
   4.37998581       9.8633060455322266     
   4.36998558       9.7303199768066406     
   4.35998535       9.5993852615356445     
   4.34998512       9.4704618453979492     
   4.33998489       9.3435249328613281     
   4.32998466       9.2184801101684570     
   4.31998444       9.0953664779663086     
   4.30998421       8.9741334915161133     
   4.29998398       8.8547544479370117     
   4.28998375       8.7371826171875000     
   4.27998352       8.6213998794555664     
   4.26998329       8.5073823928833008     
   4.25998306       8.3950881958007812     
   4.24998283       8.2845010757446289     
   4.23998260       8.1755819320678711     
   4.22998238       8.0683155059814453     
   4.21998215       7.9628567695617676     
   4.20998192       7.8587927818298340     
   4.19998169       7.7563147544860840     
   4.18998146       7.6553540229797363     
   4.17998123       7.5559215545654297     
   4.16998100       7.4579896926879883     
   4.15998077       7.3615102767944336     
   4.14998055       7.2665052413940430     
   4.13998032       7.1728863716125488     
   4.12998009       7.0806884765625000     
   4.11997986       6.9898600578308105     
   4.10997963       6.9003868103027344     
   4.09997940       6.8122444152832031     
   4.08997917       6.7254157066345215     
   4.07997894       6.6398782730102539     
   4.06997871       6.5556063652038574     
   4.05997849       6.4725923538208008     
   4.04997826       6.3907942771911621     
   4.03997803       6.3102245330810547     
   4.02997780       6.2308449745178223     
   4.01997757       6.1526241302490234     
   4.00997734       6.0755515098571777     
   3.99997735       5.9996271133422852     
   3.98997736       5.9248142242431641     
   3.97997737       5.8511128425598145     
   3.96997738       5.7784852981567383     
   3.95997739       5.7069253921508789     
   3.94997740       5.6364054679870605     
   3.93997741       5.5669193267822266     
   3.92997742       5.4984498023986816     
   3.91997743       5.4309854507446289     
   3.90997744       5.3644971847534180     
   3.89997745       5.2989816665649414     
   3.88997746       5.2344298362731934     
   3.87997746       5.1707983016967773     
   3.86997747       5.1080932617187500     
   3.85997748       5.0462927818298340     
   3.84997749       4.9853992462158203     
   3.83997750       4.9253792762756348     
   3.82997751       4.8662381172180176     
   3.81997752       4.8079352378845215     
   3.80997753       4.7504878044128418     
   3.79997754       4.6938419342041016     
   3.78997755       4.6380286216735840     
   3.77997756       4.5830259323120117     
   3.76997757       4.5288114547729492     
   3.75997758       4.4753627777099609     
   3.74997759       4.4226760864257812     
   3.73997760       4.3707404136657715     
   3.72997761       4.3195562362670898     
   3.71997762       4.2691044807434082     
   3.70997763       4.2193808555603027     
   3.69997764       4.1703472137451172     
   3.68997765       4.1220283508300781     
   3.67997766       4.0743832588195801     
   3.66997766       4.0274081230163574     
   3.65997767       3.9812099933624268     
   3.64997768       3.9355602264404297     
   3.63997769       3.8905603885650635     
   3.62997770       3.8462021350860596     
   3.61997771       3.8024632930755615     
   3.60997772       3.7593421936035156     
   3.59997773       3.7168438434600830     
   3.58997774       3.6749169826507568     
   3.57997775       3.6335923671722412     
   3.56997776       3.5928471088409424     
   3.55997777       3.5526773929595947     
   3.54997778       3.5130674839019775     
   3.53997779       3.4740138053894043     
   3.52997780       3.4354999065399170     
   3.51997781       3.3975348472595215     
   3.50997782       3.3600945472717285     
   3.49997783       3.3231732845306396     
   3.48997784       3.2867698669433594     
   3.47997785       3.2508718967437744     
   3.46997786       3.2154777050018311     
   3.45997787       3.1805646419525146     
   3.44997787       3.1461422443389893     
   3.43997788       3.1121995449066162     
   3.42997789       3.0787153244018555     
   3.41997790       3.0457043647766113     
   3.40997791       3.0131473541259766     
   3.39997792       2.9810407161712646     
   3.38997793       2.9493718147277832     
   3.37997794       2.9181478023529053     
   3.36997795       2.8873481750488281     
   3.35997796       2.8569765090942383     
   3.34997797       2.8270192146301270     
   3.33997798       2.7974762916564941     
   3.32997799       2.7683255672454834     
   3.31997800       2.7395920753479004     
   3.30997801       2.7112393379211426     
   3.29997802       2.6832816600799561     
   3.28997803       2.6557090282440186     
   3.27997804       2.6285004615783691     
   3.26997805       2.6016685962677002     
   3.25997806       2.5752124786376953     
   3.24997807       2.5491030216217041     
   3.23997808       2.5233495235443115     
   3.22997808       2.4979653358459473     
   3.21997809       2.4729051589965820     
   3.20997810       2.4481940269470215     
   3.19997811       2.4238231182098389     
   3.18997812       2.3997693061828613     
   3.17997813       2.3760516643524170     
   3.16997814       2.3526487350463867     
   3.15997815       2.3295717239379883     
   3.14997816       2.3067970275878906     
   3.13997817       2.2843389511108398     
   3.12997818       2.2621765136718750     
   3.11997819       2.2403173446655273     
   3.10997820       2.2187550067901611     
   3.09997821       2.1974771022796631     
   3.08997822       2.1764905452728271     
   3.07997823       2.1557910442352295     
   3.06997824       2.1353614330291748     
   3.05997825       2.1152117252349854     
   3.04997826       2.0953304767608643     
   3.03997827       2.0757195949554443     
   3.02997828       2.0563690662384033     
   3.01997828       2.0372784137725830     
   3.00997829       2.0184412002563477     
   2.99997830       1.9999122619628906     
   2.98997831       1.9815816879272461     
   2.97997832       1.9634947776794434     
   2.96997833       1.9456579685211182     
   2.95997834       1.9280526638031006     
   2.94997835       1.9106808900833130     
   2.93997836       1.8935515880584717     
   2.92997837       1.8766404390335083     
   2.91997838       1.8599635362625122     
   2.90997839       1.8435083627700806     
   2.89997840       1.8272775411605835     
   2.88997841       1.8112578392028809     
   2.87997842       1.7954564094543457     
   2.86997843       1.7798626422882080     
   2.85997844       1.7644809484481812     
   2.84997845       1.7492973804473877     
   2.83997846       1.7343311309814453     
   2.82997847       1.7195535898208618     
   2.81997848       1.7049834728240967     
   2.80997849       1.6906028985977173     
   2.79997849       1.6764121055603027     
   2.78997850       1.6624157428741455     
   2.77997851       1.6486093997955322     
   2.76997852       1.6349842548370361     
   2.75997853       1.6215449571609497     
   2.74997854       1.6082901954650879     
   2.73997855       1.5952013731002808     
   2.72997856       1.5822951793670654     
   2.71997857       1.5695617198944092     
   2.70997858       1.5570076704025269     
   2.69997859       1.5446143150329590     
   2.68997860       1.5323871374130249     
   2.67997861       1.5203269720077515     
   2.66997862       1.5084358453750610     
   2.65997863       1.4967011213302612     
   2.64997864       1.4851210117340088     
   2.63997865       1.4737037420272827     
   2.62997866       1.4624357223510742     
   2.61997867       1.4513294696807861     
   2.60997868       1.4403682947158813     
   2.59997869       1.4295535087585449     
   2.58997869       1.4188907146453857     
   2.57997870       1.4083756208419800     
   2.56997871       1.3980042934417725     
   2.55997872       1.3877691030502319     
   2.54997873       1.3776791095733643     
   2.53997874       1.3677242994308472     
   2.52997875       1.3579124212265015     
   2.51997876       1.3482377529144287     
   2.50997877       1.3386868238449097     
   2.49997878       1.3292778730392456     
   2.48997879       1.3199937343597412     
   2.47997880       1.3108398914337158     
   2.46997881       1.3018178939819336     
   2.45997882       1.2929179668426514     
   2.44997883       1.2841460704803467     
   2.43997884       1.2754952907562256     
   2.42997885       1.2669695615768433     
   2.41997886       1.2585631608963013     
   2.40997887       1.2502756118774414     
   2.39997888       1.2421094179153442     
   2.38997889       1.2340540885925293     
   2.37997890       1.2261186838150024     
   2.36997890       1.2182967662811279     
   2.35997891       1.2105883359909058     
   2.34997892       1.2029904127120972     
   2.33997893       1.1955072879791260     
   2.32997894       1.1881315708160400     
   2.31997895       1.1808671951293945     
   2.30997896       1.1737035512924194     
   2.29997897       1.1666502952575684     
   2.28997898       1.1597005128860474     
   2.27997899       1.1528604030609131     
   2.26997900       1.1461209058761597     
   2.25997901       1.1394829750061035     
   2.24997902       1.1329418420791626     
   2.23997903       1.1265087127685547     
   2.22997904       1.1201686859130859     
   2.21997905       1.1139327287673950     
   2.20997906       1.1077898740768433     
   2.19997907       1.1017440557479858     
   2.18997908       1.0957955121994019     
   2.17997909       1.0899411439895630     
   2.16997910       1.0841825008392334     
   2.15997910       1.0785151720046997     
   2.14997911       1.0729424953460693     
   2.13997912       1.0674564838409424     
   2.12997913       1.0620660781860352     
   2.11997914       1.0567667484283447     
   2.10997915       1.0515545606613159     
   2.09997916       1.0464303493499756     
   2.08997917       1.0413955450057983     
   2.07997918       1.0364468097686768     
   2.06997919       1.0315881967544556     
   2.05997920       1.0268135070800781     
   2.04997921       1.0221250057220459     
   2.03997922       1.0175219774246216     
   2.02997923       1.0130012035369873     
   2.01997924       1.0085667371749878     
   2.00997925       1.0042157173156738     
   1.99997926      0.99996846914291382     
   1.98997927      0.99578177928924561     
   1.97997928      0.99167686700820923     
   1.96997929      0.98765492439270020     
   1.95997930      0.98371326923370361     
   1.94997931      0.97985082864761353     
   1.93997931      0.97606855630874634     
   1.92997932      0.97236788272857666     
   1.91997933      0.96874302625656128     
   1.90997934      0.96520107984542847     
   1.89997935      0.96173417568206787     
   1.88997936      0.95835012197494507     
   1.87997937      0.95504200458526611     
   1.86997938      0.95181185007095337     
   1.85997939      0.94865870475769043     
   1.84997940      0.94558501243591309     
   1.83997941      0.94258302450180054     
   1.82997942      0.93966126441955566     
   1.81997943      0.93681883811950684     
   1.80997944      0.93405032157897949     
   1.79997945      0.93135488033294678     
   1.78997946      0.92874044179916382     
   1.77997947      0.92619872093200684     
   1.76997948      0.92373430728912354     
   1.75997949      0.92134618759155273     
   1.74997950      0.91903525590896606     
   1.73997951      0.91679757833480835     
   1.72997952      0.91463655233383179     
   1.71997952      0.91255623102188110     
   1.70997953      0.91054469347000122     
   1.69997954      0.90861153602600098     
   1.68997955      0.90675550699234009     
   1.67997956      0.90497308969497681     
   1.66997957      0.90327024459838867     
   1.65997958      0.90164315700531006     
   1.64997959      0.90008932352066040     
   1.63997960      0.89861476421356201     
   1.62997961      0.89721786975860596     
   1.61997962      0.89589726924896240     
   1.60997963      0.89465487003326416     
   1.59997964      0.89349043369293213     
   1.58997965      0.89240092039108276     
   1.57997966      0.89139282703399658     
   1.56997967      0.89046406745910645     
   1.55997968      0.88961213827133179     
   1.54997969      0.88884180784225464     
   1.53997970      0.88814932107925415     
   1.52997971      0.88753920793533325     
   1.51997972      0.88701134920120239     
   1.50997972      0.88656443357467651     
   1.49997973      0.88619840145111084     
   1.48997974      0.88591623306274414     
   1.47997975      0.88571739196777344     
   1.46997976      0.88560318946838379     
   1.45997977      0.88557380437850952     
   1.44997978      0.88562971353530884     
   1.43997979      0.88577216863632202     
   1.42997980      0.88600361347198486     
   1.41997981      0.88632172346115112     
   1.40997982      0.88672989606857300     
   1.39997983      0.88722991943359375     
   1.38997984      0.88781726360321045     
   1.37997985      0.88849979639053345     
   1.36997986      0.88927292823791504     
   1.35997987      0.89014434814453125     
   1.34997988      0.89110708236694336     
   1.33997989      0.89216965436935425     
   1.32997990      0.89333093166351318     
   1.31997991      0.89459061622619629     
   1.30997992      0.89595156908035278     
   1.29997993      0.89741450548171997     
   1.28997993      0.89898204803466797     
   1.27997994      0.90065765380859375     
   1.26997995      0.90243625640869141     
   1.25997996      0.90432798862457275     
   1.24997997      0.90632790327072144     
   1.23997998      0.90844035148620605     
   1.22997999      0.91067135334014893     
   1.21998000      0.91301661729812622     
   1.20998001      0.91548109054565430     
   1.19998002      0.91806423664093018     
   1.18998003      0.92077291011810303     
   1.17998004      0.92360866069793701     
   1.16998005      0.92657041549682617     
   1.15998006      0.92966324090957642     
   1.14998007      0.93289333581924438     
   1.13998008      0.93625235557556152     
   1.12998009      0.93975740671157837     
   1.11998010      0.94339960813522339     
   1.10998011      0.94719070196151733     
   1.09998012      0.95112997293472290     
   1.08998013      0.95521855354309082     
   1.07998013      0.95946317911148071     
   1.06998014      0.96386694908142090     
   1.05998015      0.96843481063842773     
   1.04998016      0.97317063808441162     
   1.03998017      0.97807574272155762     
   1.02998018      0.98315370082855225     
   1.01998019      0.98841387033462524     
   1.00998020      0.99385780096054077     
  0.999980211      0.99949067831039429     
  0.989980221       1.0052978992462158     
  0.979980230       1.0113229751586914     
  0.969980240       1.0175523757934570     
  0.959980249       1.0239928960800171     
  0.949980259       1.0306512117385864     
  0.939980268       1.0375293493270874     
  0.929980278       1.0446361303329468     
  0.919980288       1.0519802570343018     
  0.909980297       1.0595656633377075     
  0.899980307       1.0674022436141968     
  0.889980316       1.0754903554916382     
  0.879980326       1.0838481187820435     
  0.869980335       1.0924786329269409     
  0.859980345       1.1013889312744141     
  0.849980354       1.1105893850326538     
  0.839980364       1.1200908422470093     
  0.829980373       1.1298981904983521     
  0.819980383       1.1400324106216431     
  0.809980392       1.1504880189895630     
  0.799980402       1.1612880229949951     
  0.789980412       1.1724436283111572     
  0.779980421       1.1839603185653687     
  0.769980431       1.1958546638488770     
  0.759980440       1.2081388235092163     
  0.749980450       1.2208287715911865     
  0.739980459       1.2339353561401367     
  0.729980469       1.2474800348281860     
  0.719980478       1.2614674568176270     
  0.709980488       1.2759207487106323     
  0.699980497       1.2908624410629272     
  0.689980507       1.3063007593154907     
  0.679980516       1.3222570419311523     
  0.669980526       1.3387545347213745     
  0.659980536       1.3558151721954346     
  0.649980545       1.3734511137008667     
  0.639980555       1.3916977643966675     
  0.629980564       1.4105696678161621     
  0.619980574       1.4300965070724487     
  0.609980583       1.4502984285354614     
  0.599980593       1.4712116718292236     
  0.589980602       1.4928560256958008     
  0.579980612       1.5152724981307983     
  0.569980621       1.5384790897369385     
  0.559980631       1.5625227689743042     
  0.549980640       1.5874282121658325     
  0.539980650       1.6132333278656006     
  0.529980659       1.6399873495101929     
  0.519980669       1.6677169799804688     
  0.509980679       1.6964721679687500     
  0.499980688       1.7263007164001465     
  0.489980698       1.7572395801544189     
  0.479980707       1.7893468141555786     
  0.469980717       1.8226723670959473     
  0.459980726       1.8572640419006348     
  0.449980736       1.8931909799575806     
  0.439980745       1.9305095672607422     
  0.429980755       1.9692813158035278     
  0.419980764       2.0095336437225342     
  0.409980774       2.0514240264892578     
  0.399980783       2.0949776172637939     
  0.389980793       2.1402795314788818     
  0.379980803       2.1874115467071533     
  0.369980812       2.2364609241485596     
  0.359980822       2.2875127792358398     
  0.349980831       2.3406772613525391     
  0.339980841       2.3960485458374023     
  0.329980850       2.4537363052368164     
  0.319980860       2.5138578414916992     
  0.309980869       2.5765273571014404     
  0.299980879       2.6418783664703369     
  0.289980888       2.7100393772125244     
  0.279980898       2.7811639308929443     
  0.269980907       2.8553860187530518     
  0.259980917       2.9328687191009521     
  0.249980912       3.0137882232666016     
  0.239980906       3.0983164310455322     
  0.229980901       3.1866390705108643     
  0.219980896       3.2789521217346191     
  0.209980890       3.3754618167877197     
  0.199980885       3.4763925075531006     
  0.189980879       3.5819861888885498     
  0.179980874       3.6924695968627930     
  0.169980869       3.8081276416778564     
  0.159980863       3.9292263984680176     
  0.149980858       4.0559763908386230     
  0.139980853       4.1888546943664551     
  0.129980847       4.3281002044677734     
  0.119980849       4.4740452766418457     
  0.109980851       4.6271047592163086     
   9.99808535E-02   4.7876329421997070     
   8.99808556E-02   4.9560437202453613     
   7.99808577E-02   5.1327962875366211     
   6.99808598E-02   5.3183369636535645     
   5.99808618E-02   5.5131616592407227     
   4.99808639E-02   5.7177939414978027     
   3.99808660E-02   5.9327874183654785     
   2.99808662E-02   6.1587262153625488     
   1.99808665E-02   6.3962321281433105     
   9.98086669E-03   6.6459569931030273     

  -1.91330910E-05  -52293.253906250000     
  -1.00191329E-02  -100.44453430175781     
  -2.00191326E-02  -50.572174072265625     
  -3.00191324E-02  -33.933773040771484     
  -4.00191322E-02  -25.616127014160156     
  -5.00191301E-02  -20.628704071044922     
  -6.00191280E-02  -17.307117462158203     
  -7.00191259E-02  -14.937612533569336     
  -8.00191239E-02  -13.163423538208008     
  -9.00191218E-02  -11.786202430725098     
 -0.100019120      -10.686971664428711     
 -0.110019118      -9.7900094985961914     
 -0.120019116      -9.0448236465454102     
 -0.130019113      -8.4164390563964844     
 -0.140019119      -7.8799500465393066     
 -0.150019124      -7.4169607162475586     
 -0.160019130      -7.0138721466064453     
 -0.170019135      -6.6600871086120605     
 -0.180019140      -6.3474879264831543     
 -0.190019146      -6.0696487426757812     
 -0.200019151      -5.8213887214660645     
 -0.210019156      -5.5985717773437500     
 -0.220019162      -5.3977904319763184     
 -0.230019167      -5.2162241935729980     
 -0.240019172      -5.0515713691711426     
 -0.250019163      -4.9018149375915527     
 -0.260019153      -4.7653446197509766     
 -0.270019144      -4.6407494544982910     
 -0.280019134      -4.5268030166625977     
 -0.290019125      -4.4225139617919922     
 -0.300019115      -4.3269567489624023     
 -0.310019106      -4.2393779754638672     
 -0.320019096      -4.1591067314147949     
 -0.330019087      -4.0855579376220703     
 -0.340019077      -4.0182199478149414     
 -0.350019068      -3.9566538333892822     
 -0.360019058      -3.9004397392272949     
 -0.370019048      -3.8492667675018311     
 -0.380019039      -3.8028116226196289     
 -0.390019029      -3.7608237266540527     
 -0.400019020      -3.7230618000030518     
 -0.410019010      -3.6893341541290283     
 -0.420019001      -3.6594457626342773     
 -0.430018991      -3.6332609653472900     
 -0.440018982      -3.6106419563293457     
 -0.450018972      -3.5914864540100098     
 -0.460018963      -3.5756886005401611     
 -0.470018953      -3.5631926059722900     
 -0.480018944      -3.5539469718933105     
 -0.490018934      -3.5478913784027100     
 -0.500018954      -3.5450158119201660     
 -0.510018945      -3.5453078746795654     
 -0.520018935      -3.5487797260284424     
 -0.530018926      -3.5554523468017578     
 -0.540018916      -3.5653638839721680     
 -0.550018907      -3.5785629749298096     
 -0.560018897      -3.5951309204101562     
 -0.570018888      -3.6151390075683594     
 -0.580018878      -3.6387195587158203     
 -0.590018868      -3.6659929752349854     
 -0.600018859      -3.6970922946929932     
 -0.610018849      -3.7322127819061279     
 -0.620018840      -3.7715587615966797     
 -0.630018830      -3.8153500556945801     
 -0.640018821      -3.8638446331024170     
 -0.650018811      -3.9173560142517090     
 -0.660018802      -3.9762215614318848     
 -0.670018792      -4.0408401489257812     
 -0.680018783      -4.1116490364074707     
 -0.690018773      -4.1891479492187500     
 -0.700018764      -4.2739496231079102     
 -0.710018754      -4.3666944503784180     
 -0.720018744      -4.4681501388549805     
 -0.730018735      -4.5792427062988281     
 -0.740018725      -4.7009744644165039     
 -0.750018716      -4.8345265388488770     
 -0.760018706      -4.9813404083251953     
 -0.770018697      -5.1430544853210449     
 -0.780018687      -5.3216085433959961     
 -0.790018678      -5.5193700790405273     
 -0.800018668      -5.7391390800476074     
 -0.810018659      -5.9842782020568848     
 -0.820018649      -6.2590079307556152     
 -0.830018640      -6.5684528350830078     
 -0.840018630      -6.9190416336059570     
 -0.850018620      -7.3189277648925781     
 -0.860018611      -7.7786345481872559     
 -0.870018601      -8.3118934631347656     
 -0.880018592      -8.9369888305664062     
 -0.890018582      -9.6789112091064453     
 -0.900018573      -10.572649955749512     
 -0.910018563      -11.668722152709961     
 -0.920018554      -13.042941093444824     
 -0.930018544      -14.814386367797852     
 -0.940018535      -17.181850433349609     
 -0.950018525      -20.502719879150391     
 -0.960018516      -25.492336273193359     
 -0.970018506      -33.820339202880859     
 -0.980018497      -50.498741149902344     
 -0.990018487      -100.62471771240234     

  -1.00001848       54039.464843750000     
  -1.01001847       99.411102294921875     
  -1.02001846       49.561340332031250     
  -1.03001845       32.933410644531250     
  -1.04001844       24.622568130493164     
  -1.05001843       19.640249252319336     
  -1.06001842       16.322708129882812     
  -1.07001841       13.956645011901855     
  -1.08001840       12.185359001159668     
  -1.09001839       10.810595512390137     
  -1.10001838       9.7133808135986328     
  -1.11001837       8.8181352615356445     
  -1.12001836       8.0742959976196289     
  -1.13001835       7.4469747543334961     
  -1.14001834       6.9111928939819336     
  -1.15001833       6.4486556053161621     
  -1.16001832       6.0456695556640625     
  -1.17001832       5.6917195320129395     
  -1.18001831       5.3786544799804688     
  -1.19001830       5.1000432968139648     
  -1.20001829       4.8507213592529297     
  -1.21001828       4.6265501976013184     
  -1.22001827       4.4240818023681641     
  -1.23001826       4.2405529022216797     
  -1.24001825       4.0735735893249512     
  -1.25001824       3.9212248325347900     
  -1.26001823       3.7818169593811035     
  -1.27001822       3.6539497375488281     
  -1.28001821       3.5364100933074951     
  -1.29001820       3.4281661510467529     
  -1.30001819       3.3282973766326904     
  -1.31001818       3.2360556125640869     
  -1.32001817       3.1507308483123779     
  -1.33001816       3.0717551708221436     
  -1.34001815       2.9985909461975098     
  -1.35001814       2.9307770729064941     
  -1.36001813       2.8679070472717285     
  -1.37001812       2.8096270561218262     
  -1.38001812       2.7556126117706299     
  -1.39001811       2.7055847644805908     
  -1.40001810       2.6592876911163330     
  -1.41001809       2.6165091991424561     
  -1.42001808       2.5770368576049805     
  -1.43001807       2.5407109260559082     
  -1.44001806       2.5073592662811279     
  -1.45001805       2.4768519401550293     
  -1.46001804       2.4490809440612793     
  -1.47001803       2.4239165782928467     
  -1.48001802       2.4012923240661621     
  -1.49001801       2.3811132907867432     
  -1.50001800       2.3633160591125488     
  -1.51001799       2.3478629589080811     
  -1.52001798       2.3347003459930420     
  -1.53001797       2.3238055706024170     
  -1.54001796       2.3151509761810303     
  -1.55001795       2.3087251186370850     
  -1.56001794       2.3045518398284912     
  -1.57001793       2.3026235103607178     
  -1.58001792       2.3029639720916748     
  -1.59001791       2.3056371212005615     
  -1.60001791       2.3106710910797119     
  -1.61001790       2.3181240558624268     
  -1.62001789       2.3281011581420898     
  -1.63001788       2.3406920433044434     
  -1.64001787       2.3559811115264893     
  -1.65001786       2.3741414546966553     
  -1.66001785       2.3952934741973877     
  -1.67001784       2.4196391105651855     
  -1.68001783       2.4473867416381836     
  -1.69001782       2.4787669181823730     
  -1.70001781       2.5140593051910400     
  -1.71001780       2.5535998344421387     
  -1.72001779       2.5977489948272705     
  -1.73001778       2.6469368934631348     
  -1.74001777       2.7016820907592773     
  -1.75001776       2.7625586986541748     
  -1.76001775       2.8302795886993408     
  -1.77001774       2.9056539535522461     
  -1.78001773       2.9896421432495117     
  -1.79001772       3.0834164619445801     
  -1.80001771       3.1883742809295654     
  -1.81001770       3.3061990737915039     
  -1.82001770       3.4389765262603760     
  -1.83001769       3.5892753601074219     
  -1.84001768       3.7602970600128174     
  -1.85001767       3.9561417102813721     
  -1.86001766       4.1820149421691895     
  -1.87001765       4.4447984695434570     
  -1.88001764       4.7536392211914062     
  -1.89001763       5.1210317611694336     
  -1.90001762       5.5644478797912598     
  -1.91001761       6.1091732978820801     
  -1.92001760       6.7930650711059570     
  -1.93001759       7.6757183074951172     
  -1.94001758       8.8564071655273438     
  -1.95001757       10.513952255249023     
  -1.96001756       13.005910873413086     
  -1.97001755       17.166990280151367     
  -1.98001754       25.503051757812500     
  -1.99001753       50.560157775878906     

  -2.00001764      -28251.031250000000     
  -2.01001763      -49.461940765380859     
  -2.02001762      -24.536102294921875     
  -2.03001761      -16.223661422729492     
  -2.04001760      -12.070028305053711     
  -2.05001760      -9.5806827545166016     
  -2.06001759      -7.9236893653869629     
  -2.07001758      -6.7423691749572754     
  -2.08001757      -5.8583498001098633     
  -2.09001756      -5.1725296974182129     
  -2.10001755      -4.6254382133483887     
  -2.11001754      -4.1792125701904297     
  -2.12001753      -3.8086206912994385     
  -2.13001752      -3.4962272644042969     
  -2.14001751      -3.2295196056365967     
  -2.15001750      -2.9993717670440674     
  -2.16001749      -2.7989106178283691     
  -2.17001748      -2.6229012012481689     
  -2.18001747      -2.4672605991363525     
  -2.19001746      -2.3287761211395264     
  -2.20001745      -2.2048540115356445     
  -2.21001744      -2.0934493541717529     
  -2.22001743      -1.9928212165832520     
  -2.23001742      -1.9015741348266602     
  -2.24001741      -1.8185468912124634     
  -2.25001740      -1.7427536249160767     
  -2.26001740      -1.6733568906784058     
  -2.27001739      -1.6096569299697876     
  -2.28001738      -1.5510424375534058     
  -2.29001737      -1.4969992637634277     
  -2.30001736      -1.4470733404159546     
  -2.31001735      -1.4008769989013672     
  -2.32001734      -1.3580633401870728     
  -2.33001733      -1.3183408975601196     
  -2.34001732      -1.2814370393753052     
  -2.35001731      -1.2471261024475098     
  -2.36001730      -1.2152029275894165     
  -2.37001729      -1.1854832172393799     
  -2.38001728      -1.1578065156936646     
  -2.39001727      -1.1320323944091797     
  -2.40001726      -1.1080260276794434     
  -2.41001725      -1.0856752395629883     
  -2.42001724      -1.0648796558380127     
  -2.43001723      -1.0455464124679565     
  -2.44001722      -1.0275943279266357     
  -2.45001721      -1.0109505653381348     
  -2.46001720     -0.99554812908172607     
  -2.47001719     -0.98133152723312378     
  -2.48001719     -0.96825128793716431     
  -2.49001718     -0.95625734329223633     
  -2.50001717     -0.94531840085983276     
  -2.51001716     -0.93539553880691528     
  -2.52001715     -0.92645841836929321     
  -2.53001714     -0.91849094629287720     
  -2.54001713     -0.91146588325500488     
  -2.55001712     -0.90537536144256592     
  -2.56001711     -0.90020388364791870     
  -2.57001710     -0.89595067501068115     
  -2.58001709     -0.89261281490325928     
  -2.59001708     -0.89019572734832764     
  -2.60001707     -0.88870435953140259     
  -2.61001706     -0.88816517591476440     
  -2.62001705     -0.88857614994049072     
  -2.63001704     -0.88998389244079590     
  -2.64001703     -0.89240759611129761     
  -2.65001702     -0.89588958024978638     
  -2.66001701     -0.90047281980514526     
  -2.67001700     -0.90624576807022095     
  -2.68001699     -0.91321241855621338     
  -2.69001698     -0.92148423194885254     
  -2.70001698     -0.93114310503005981     
  -2.71001697     -0.94229412078857422     
  -2.72001696     -0.95506221055984497     
  -2.73001695     -0.96958172321319580     
  -2.74001694     -0.98602288961410522     
  -2.75001693      -1.0045773983001709     
  -2.76001692      -1.0254701375961304     
  -2.77001691      -1.0489755868911743     
  -2.78001690      -1.0754164457321167     
  -2.79001689      -1.1051734685897827     
  -2.80001688      -1.1387115716934204     
  -2.81001687      -1.1765890121459961     
  -2.82001686      -1.2195010185241699     
  -2.83001685      -1.2683010101318359     
  -2.84001684      -1.3240548372268677     
  -2.85001683      -1.3881213665008545     
  -2.86001682      -1.4622477293014526     
  -2.87001681      -1.5487172603607178     
  -2.88001680      -1.6505708694458008     
  -2.89001679      -1.7719831466674805     
  -2.90001678      -1.9187769889831543     
  -2.91001678      -2.0993697643280029     
  -2.92001677      -2.3263854980468750     
  -2.93001676      -2.6196875572204590     
  -2.94001675      -3.0123653411865234     
  -2.95001674      -3.5640110969543457     
  -2.96001673      -4.3938140869140625     
  -2.97001672      -5.7800130844116211     
  -2.98001671      -8.5577659606933594     
  -2.99001670      -16.908470153808594     

  -3.00001669       9936.8525390625000     
  -3.01001668       16.433740615844727     
  -3.02001667       8.1247644424438477     
  -3.03001666       5.3544144630432129     
  -3.04001665       3.9704279899597168     
  -3.05001664       3.1412069797515869     
  -3.06001663       2.5894320011138916     
  -3.07001662       2.1961972713470459     
  -3.08001661       1.9020502567291260     
  -3.09001660       1.6739445924758911     
  -3.10001659       1.4920591115951538     
  -3.11001658       1.3437840938568115     
  -3.12001657       1.2206977605819702     
  -3.13001657       1.1169899702072144     
  -3.14001656       1.0284965038299561     
  -3.15001655      0.95216792821884155     
  -3.16001654      0.88572067022323608     
  -3.17001653      0.82740342617034912     
  -3.18001652      0.77585774660110474     
  -3.19001651      0.73001301288604736     
  -3.20001650      0.68900966644287109     
  -3.21001649      0.65215450525283813     
  -3.22001648      0.61887913942337036     
  -3.23001647      0.58872926235198975     
  -3.24001646      0.56128603219985962     
  -3.25001645      0.53623735904693604     
  -3.26001644      0.51330441236495972     
  -3.27001643      0.49225482344627380     
  -3.28001642      0.47288352251052856     
  -3.29001641      0.45501917600631714     
  -3.30001640      0.43851158022880554     
  -3.31001639      0.42322859168052673     
  -3.32001638      0.40905863046646118     
  -3.33001637      0.39590126276016235     
  -3.34001637      0.38366648554801941     
  -3.35001636      0.37227955460548401     
  -3.36001635      0.36166983842849731     
  -3.37001634      0.35177764296531677     
  -3.38001633      0.34254816174507141     
  -3.39001632      0.33393430709838867     
  -3.40001631      0.32589203119277954     
  -3.41001630      0.31838205456733704     
  -3.42001629      0.31137016415596008     
  -3.43001628      0.30482557415962219     
  -3.44001627      0.29872035980224609     
  -3.45001626      0.29303032159805298     
  -3.46001625      0.28773126006126404     
  -3.47001624      0.28280544281005859     
  -3.48001623      0.27823352813720703     
  -3.49001622      0.27400118112564087     
  -3.50001621      0.27009093761444092     
  -3.51001620      0.26649439334869385     
  -3.52001619      0.26319923996925354     
  -3.53001618      0.26019600033760071     
  -3.54001617      0.25747692584991455     
  -3.55001616      0.25503489375114441     
  -3.56001616      0.25286650657653809     
  -3.57001615      0.25096699595451355     
  -3.58001614      0.24933364987373352     
  -3.59001613      0.24796548485755920     
  -3.60001612      0.24686338007450104     
  -3.61001611      0.24602837860584259     
  -3.62001610      0.24546335637569427     
  -3.63001609      0.24517425894737244     
  -3.64001608      0.24516670405864716     
  -3.65001607      0.24544930458068848     
  -3.66001606      0.24603083729743958     
  -3.67001605      0.24692621827125549     
  -3.68001604      0.24814951419830322     
  -3.69001603      0.24971818923950195     
  -3.70001602      0.25165414810180664     
  -3.71001601      0.25398176908493042     
  -3.72001600      0.25673007965087891     
  -3.73001599      0.25994211435317993     
  -3.74001598      0.26364225149154663     
  -3.75001597      0.26788654923439026     
  -3.76001596      0.27273172140121460     
  -3.77001595      0.27824288606643677     
  -3.78001595      0.28450101613998413     
  -3.79001594      0.29160183668136597     
  -3.80001593      0.29965972900390625     
  -3.81001592      0.30881547927856445     
  -3.82001591      0.31924054026603699     
  -3.83001590      0.33114743232727051     
  -3.84001589      0.34480458498001099     
  -3.85001588      0.36054906249046326     
  -3.86001587      0.37881821393966675     
  -3.87001586      0.40018212795257568     
  -3.88001585      0.42540252208709717     
  -3.89001584      0.45551967620849609     
  -3.90001583      0.49198988080024719     
  -3.91001582      0.53691595792770386     
  -3.92001581      0.59345948696136475     
  -3.93001580      0.66657924652099609     
  -3.94001579      0.76454752683639526     
  -3.95001578      0.90226274728775024     
  -3.96001577       1.1095265150070190     
  -3.97001576       1.4558792114257812     
  -3.98001575       2.1500885486602783     
  -3.99001575       4.2373104095458984     

  -4.00001574      -2629.3471679687500     
  -4.01001596      -4.0984668731689453     
  -4.02001619      -2.0211296081542969     
  -4.03001642      -1.3286467790603638     
  -4.04001665     -0.98277509212493896     
  -4.05001688     -0.77560079097747803     
  -4.06001711     -0.63778311014175415     
  -4.07001734     -0.53959763050079346     
  -4.08001757     -0.46618059277534485     
  -4.09001780     -0.40927001833915710     
  -4.10001802     -0.36391010880470276     
  -4.11001825     -0.32694742083549500     
  -4.12001848     -0.29627987742424011     
  -4.13001871     -0.27045160531997681     
  -4.14001894     -0.24842293560504913     
  -4.15001917     -0.22943192720413208     
  -4.16001940     -0.21290823817253113     
  -4.17001963     -0.19841273128986359     
  -4.18001986     -0.18560731410980225     
  -4.19002008     -0.17422753572463989     
  -4.20002031     -0.16404975950717926     
  -4.21002054     -0.15490570664405823     
  -4.22002077     -0.14665332436561584     
  -4.23002100     -0.13917563855648041     
  -4.24002123     -0.13237521052360535     
  -4.25002146     -0.12616972625255585     
  -4.26002169     -0.12049062550067902     
  -4.27002192     -0.11527866870164871     
  -4.28002214     -0.11048360913991928     
  -4.29002237     -0.10606197267770767     
  -4.30002260     -0.10197644680738449     
  -4.31002283      -9.8194085061550140E-002
  -4.32002306      -9.4686709344387054E-002
  -4.33002329      -9.1429337859153748E-002
  -4.34002352      -8.8399782776832581E-002
  -4.35002375      -8.5578851401805878E-002
  -4.36002398      -8.2949250936508179E-002
  -4.37002420      -8.0495931208133698E-002
  -4.38002443      -7.8205235302448273E-002
  -4.39002466      -7.6064817607402802E-002
  -4.40002489      -7.4064157903194427E-002
  -4.41002512      -7.2193250060081482E-002
  -4.42002535      -7.0443667471408844E-002
  -4.43002558      -6.8807668983936310E-002
  -4.44002581      -6.7277498543262482E-002
  -4.45002604      -6.5847769379615784E-002
  -4.46002626      -6.4512133598327637E-002
  -4.47002649      -6.3265740871429443E-002
  -4.48002672      -6.2104269862174988E-002
  -4.49002695      -6.1023060232400894E-002
  -4.50002718      -6.0018826276063919E-002
  -4.51002741      -5.9088498353958130E-002
  -4.52002764      -5.8228619396686554E-002
  -4.53002787      -5.7437114417552948E-002
  -4.54002810      -5.6711651384830475E-002
  -4.55002832      -5.6050531566143036E-002
  -4.56002855      -5.5452097207307816E-002
  -4.57002878      -5.4915055632591248E-002
  -4.58002901      -5.4438613355159760E-002
  -4.59002924      -5.4022002965211868E-002
  -4.60002947      -5.3665116429328918E-002
  -4.61002970      -5.3367666900157928E-002
  -4.62002993      -5.3130038082599640E-002
  -4.63003016      -5.2954252809286118E-002
  -4.64003038      -5.2838563919067383E-002
  -4.65003061      -5.2785698324441910E-002
  -4.66003084      -5.2797384560108185E-002
  -4.67003107      -5.2876144647598267E-002
  -4.68003130      -5.3024660795927048E-002
  -4.69003153      -5.3246211260557175E-002
  -4.70003176      -5.3544886410236359E-002
  -4.71003199      -5.3925532847642899E-002
  -4.72003222      -5.4393824189901352E-002
  -4.73003244      -5.4956443607807159E-002
  -4.74003267      -5.5621400475502014E-002
  -4.75003290      -5.6398097425699234E-002
  -4.76003313      -5.7297665625810623E-002
  -4.77003336      -5.8333251625299454E-002
  -4.78003359      -5.9520807117223740E-002
  -4.79003382      -6.0879223048686981E-002
  -4.80003405      -6.2431558966636658E-002
  -4.81003428      -6.4205668866634369E-002
  -4.82003450      -6.6235698759555817E-002
  -4.83003473      -6.8564638495445251E-002
  -4.84003496      -7.1245320141315460E-002
  -4.85003519      -7.4345707893371582E-002
  -4.86003542      -7.7953003346920013E-002
  -4.87003565      -8.2181148231029510E-002
  -4.88003588      -8.7182722985744476E-002
  -4.89003611      -9.3165725469589233E-002
  -4.90003633     -0.10042163729667664     
  -4.91003656     -0.10937164723873138     
  -4.92003679     -0.12064758688211441     
  -4.93003702     -0.13524271547794342     
  -4.94003725     -0.15481445193290710     
  -4.95003748     -0.18234562873840332     
  -4.96003771     -0.22380597889423370     
  -4.97003794     -0.29313600063323975     
  -4.98003817     -0.43220928311347961     
  -4.99003839     -0.85105180740356445     

  -5.00003862       214.97389221191406     
  -5.01003885      0.81615054607391357     
  -5.02003908      0.40213567018508911     
  -5.03003931      0.26393055915832520     
  -5.04003954      0.19487975537776947     
  -5.05003977      0.15351144969463348     
  -5.06004000      0.12599374353885651     
  -5.07004023      0.10639294236898422     
  -5.08004045       9.1740086674690247E-002
  -5.09004068       8.0384753644466400E-002
  -5.10004091       7.1337178349494934E-002
  -5.11004114       6.3967533409595490E-002
  -5.12004137       5.7855177670717239E-002
  -5.13004160       5.2709449082612991E-002
  -5.14004183       4.8322763293981552E-002
  -5.15004206       4.4542569667100906E-002
  -5.16004229       4.1254788637161255E-002
  -5.17004251       3.8372002542018890E-002
  -5.18004274       3.5826425999403000E-002
  -5.19004297       3.3564414829015732E-002
  -5.20004320       3.1543221324682236E-002
  -5.21004343       2.9728071764111519E-002
  -5.22004366       2.8090577572584152E-002
  -5.23004389       2.6607440784573555E-002
  -5.24004412       2.5259118527173996E-002
  -5.25004435       2.4029314517974854E-002
  -5.26004457       2.2904159501194954E-002
  -5.27004480       2.1871894598007202E-002
  -5.28004503       2.0922537893056870E-002
  -5.29004526       2.0047299563884735E-002
  -5.30004549       1.9238760694861412E-002
  -5.31004572       1.8490372225642204E-002
  -5.32004595       1.7796462401747704E-002
  -5.33004618       1.7152052372694016E-002
  -5.34004641       1.6552712768316269E-002
  -5.35004663       1.5994617715477943E-002
  -5.36004686       1.5474255196750164E-002
  -5.37004709       1.4988676644861698E-002
  -5.38004732       1.4535103924572468E-002
  -5.39004755       1.4111087657511234E-002
  -5.40004778       1.3714516535401344E-002
  -5.41004801       1.3343402184545994E-002
  -5.42004824       1.2996043078601360E-002
  -5.43004847       1.2670828960835934E-002
  -5.44004869       1.2366696260869503E-002
  -5.45004892       1.2081658467650414E-002
  -5.46004915       1.1814964935183525E-002
  -5.47004938       1.1565547436475754E-002
  -5.48004961       1.1332515627145767E-002
  -5.49004984       1.1114981956779957E-002
  -5.50005007       1.0912199504673481E-002
  -5.51005030       1.0723538696765900E-002
  -5.52005053       1.0548383928835392E-002
  -5.53005075       1.0386204347014427E-002
  -5.54005098       1.0236548259854317E-002
  -5.55005121       1.0098990052938461E-002
  -5.56005144       9.9732270464301109E-003
  -5.57005167       9.8589248955249786E-003
  -5.58005190       9.7558982670307159E-003
  -5.59005213       9.6639525145292282E-003
  -5.60005236       9.5829712226986885E-003
  -5.61005259       9.5128668472170830E-003
  -5.62005281       9.4536785036325455E-003
  -5.63005304       9.4054555520415306E-003
  -5.64005327       9.3682929873466492E-003
  -5.65005350       9.3423817306756973E-003
  -5.66005373       9.3279918655753136E-003
  -5.67005396       9.3254512175917625E-003
  -5.68005419       9.3351937830448151E-003
  -5.69005442       9.3577466905117035E-003
  -5.70005465       9.3937646597623825E-003
  -5.71005487       9.4440039247274399E-003
  -5.72005510       9.5093818381428719E-003
  -5.73005533       9.5910206437110901E-003
  -5.74005556       9.6902204677462578E-003
  -5.75005579       9.8084667697548866E-003
  -5.76005602       9.9476641044020653E-003
  -5.77005625       1.0109954513609409E-002
  -5.78005648       1.0298013687133789E-002
  -5.79005671       1.0514900088310242E-002
  -5.80005693       1.0764467529952526E-002
  -5.81005716       1.1051417328417301E-002
  -5.82005739       1.1381647549569607E-002
  -5.83005762       1.1761706322431564E-002
  -5.84005785       1.2200746685266495E-002
  -5.85005808       1.2710051611065865E-002
  -5.86005831       1.3304168358445168E-002
  -5.87005854       1.4002068899571896E-002
  -5.88005877       1.4829173684120178E-002
  -5.89005899       1.5820225700736046E-002
  -5.90005922       1.7023757100105286E-002
  -5.91005945       1.8510088324546814E-002
  -5.92005968       2.0384581759572029E-002
  -5.93005991       2.2813037037849426E-002
  -5.94006014       2.6071924716234207E-002
  -5.95006037       3.0659137293696404E-002
  -5.96006060       3.7571467459201813E-002
  -5.97006083       4.9137126654386520E-002
  -5.98006105       7.2355851531028748E-002
  -5.99006128      0.14240071177482605     

  -6.00006151      -22.516347885131836     
  -6.01006174     -0.13548454642295837     
  -6.02006197      -6.6721260547637939E-002
  -6.03006220      -4.3734624981880188E-002
  -6.04006243      -3.2244332134723663E-002
  -6.05006266      -2.5360520929098129E-002
  -6.06006289      -2.0781872794032097E-002
  -6.07006311      -1.7520900815725327E-002
  -6.08006334      -1.5083602629601955E-002
  -6.09006357      -1.3195347972214222E-002
  -6.10006380      -1.1691310442984104E-002
  -6.11006403      -1.0466556996107101E-002
  -6.12006426      -9.4511304050683975E-003
  -6.13006449      -8.5966177284717560E-003
  -6.14006472      -7.8684324398636818E-003
  -6.15006495      -7.2411969304084778E-003
  -6.16006517      -6.6958833485841751E-003
  -6.17006540      -6.2179658561944962E-003
  -6.18006563      -5.7961144484579563E-003
  -6.19006586      -5.4215984418988228E-003
  -6.20006609      -5.0869192928075790E-003
  -6.21006632      -4.7864955849945545E-003
  -6.22006655      -4.5156022533774376E-003
  -6.23006678      -4.2703370563685894E-003
  -6.24006701      -4.0474771521985531E-003
  -6.25006723      -3.8442648947238922E-003
  -6.26006746      -3.6584183108061552E-003
  -6.27006769      -3.4879867453128099E-003
  -6.28006792      -3.3312861341983080E-003
  -6.29006815      -3.1868650112301111E-003
  -6.30006838      -3.0534926336258650E-003
  -6.31006861      -2.9300695750862360E-003
  -6.32006884      -2.8156551998108625E-003
  -6.33006907      -2.7094183024019003E-003
  -6.34006929      -2.6106254663318396E-003
  -6.35006952      -2.5186352431774139E-003
  -6.36006975      -2.4328762665390968E-003
  -6.37006998      -2.3528332822024822E-003
  -6.38007021      -2.2780667059123516E-003
  -6.39007044      -2.2081574425101280E-003
  -6.40007067      -2.1427527535706758E-003
  -6.41007090      -2.0815208554267883E-003
  -6.42007113      -2.0241781603544950E-003
  -6.43007135      -1.9704599399119616E-003
  -6.44007158      -1.9201257964596152E-003
  -6.45007181      -1.8729734001681209E-003
  -6.46007204      -1.8287930870428681E-003
  -6.47007227      -1.7874253680929542E-003
  -6.48007250      -1.7487121513113379E-003
  -6.49007273      -1.7125055892392993E-003
  -6.50007296      -1.6786815831437707E-003
  -6.51007318      -1.6471265116706491E-003
  -6.52007341      -1.6177435172721744E-003
  -6.53007364      -1.5904349274933338E-003
  -6.54007387      -1.5651256544515491E-003
  -6.55007410      -1.5417848480865359E-003
  -6.56007433      -1.5202694339677691E-003
  -6.57007456      -1.5005570603534579E-003
  -6.58007479      -1.4826258411630988E-003
  -6.59007502      -1.4664271147921681E-003
  -6.60007524      -1.4519359683617949E-003
  -6.61007547      -1.4391411095857620E-003
  -6.62007570      -1.4280290342867374E-003
  -6.63007593      -1.4186020707711577E-003
  -6.64007616      -1.4108719769865274E-003
  -6.65007639      -1.4048567973077297E-003
  -6.66007662      -1.4005886623635888E-003
  -6.67007685      -1.3981155352666974E-003
  -6.68007708      -1.3974847970530391E-003
  -6.69007730      -1.3987714191898704E-003
  -6.70007753      -1.4020658563822508E-003
  -6.71007776      -1.4074661303311586E-003
  -6.72007799      -1.4151127543300390E-003
  -6.73007822      -1.4251397224143147E-003
  -6.74007845      -1.4377484330907464E-003
  -6.75007868      -1.4531461056321859E-003
  -6.76007891      -1.4715936267748475E-003
  -6.77007914      -1.4934012433513999E-003
  -6.78007936      -1.5189383411780000E-003
  -6.79007959      -1.5486541669815779E-003
  -6.80007982      -1.5830927295610309E-003
  -6.81008005      -1.6229129396378994E-003
  -6.82008028      -1.6689269104972482E-003
  -6.83008051      -1.7221455927938223E-003
  -6.84008074      -1.7838348867371678E-003
  -6.85008097      -1.8556051654741168E-003
  -6.86008120      -1.9395340932533145E-003
  -6.87008142      -2.0383337978273630E-003
  -6.88008165      -2.1556348074227571E-003
  -6.89008188      -2.2964058443903923E-003
  -6.90008211      -2.4676537141203880E-003
  -6.91008234      -2.6792802382260561E-003
  -6.92008257      -2.9464410617947578E-003
  -6.93008280      -3.2928369473665953E-003
  -6.94008303      -3.7580106873065233E-003
  -6.95008326      -4.4131912291049957E-003
  -6.96008348      -5.4010180756449699E-003
  -6.97008371      -7.0548509247601032E-003
  -6.98008394      -1.0377614758908749E-002
  -6.99008417      -2.0418195053935051E-002

  -7.00008440       2.3451519012451172     
  -7.01008463       1.9282486289739609E-002
  -7.02008486       9.4931498169898987E-003
  -7.03008509       6.2161167152225971E-003
  -7.04008532       4.5773424208164215E-003
  -7.05008554       3.5954311024397612E-003
  -7.06008577       2.9423539526760578E-003
  -7.07008600       2.4772849865257740E-003
  -7.08008623       2.1297505591064692E-003
  -7.09008646       1.8605714431032538E-003
  -7.10008669       1.6462107887491584E-003
  -7.11008692       1.4717219164595008E-003
  -7.12008715       1.3270997442305088E-003
  -7.13008738       1.2054381659254432E-003
  -7.14008760       1.1017995420843363E-003
  -7.15008783       1.0125598637387156E-003
  -7.16008806       9.3501020455732942E-004
  -7.17008829       8.6706993170082569E-004
  -7.18008852       8.0712576163932681E-004
  -7.19008875       7.5390795245766640E-004
  -7.20008898       7.0639105979353189E-004
  -7.21008921       6.6375522874295712E-004
  -7.22008944       6.2532641459256411E-004
  -7.23008966       5.9054791927337646E-004
  -7.24008989       5.5897387210279703E-004
  -7.25009012       5.3018046310171485E-004
  -7.26009035       5.0385622307658195E-004
  -7.27009058       4.7972478205338120E-004
  -7.28009081       4.5754478196613491E-004
  -7.29009104       4.3711057514883578E-004
  -7.30009127       4.1824314394034445E-004
  -7.31009150       4.0079100290313363E-004
  -7.32009172       3.8461512303911150E-004
  -7.33009195       3.6960013676434755E-004
  -7.34009218       3.5563885467126966E-004
  -7.35009241       3.4264163696207106E-004
  -7.36009264       3.3052594517357647E-004
  -7.37009287       3.1921800109557807E-004
  -7.38009310       3.0865590088069439E-004
  -7.39009333       2.9878003988415003E-004
  -7.40009356       2.8953922446817160E-004
  -7.41009378       2.8088712133467197E-004
  -7.42009401       2.7278144261799753E-004
  -7.43009424       2.6518554659560323E-004
  -7.44009447       2.5806497433222830E-004
  -7.45009470       2.5138960336335003E-004
  -7.46009493       2.4513131938874722E-004
  -7.47009516       2.3926659196149558E-004
  -7.48009539       2.3377165780402720E-004
  -7.49009562       2.2862607147544622E-004
  -7.50009584       2.2381247254088521E-004
  -7.51009607       2.1931383525952697E-004
  -7.52009630       2.1511521481443197E-004
  -7.53009653       2.1120339806657284E-004
  -7.54009676       2.0756736921612173E-004
  -7.55009699       2.0419574866537005E-004
  -7.56009722       2.0107973250560462E-004
  -7.57009745       1.9821172463707626E-004
  -7.58009768       1.9559029897209257E-004
  -7.59009790       1.9319864804856479E-004
  -7.60009813       1.9103850354440510E-004
  -7.61009836       1.8910656217485666E-004
  -7.62009859       1.8740101950243115E-004
  -7.63009882       1.8592023116070777E-004
  -7.64009905       1.8466587061993778E-004
  -7.65009928       1.8363846174906939E-004
  -7.66009951       1.8284183170180768E-004
  -7.67009974       1.8228159751743078E-004
  -7.68009996       1.8196264863945544E-004
  -7.69010019       1.8189378897659481E-004
  -7.70010042       1.8208606343250722E-004
  -7.71010065       1.8255122995469719E-004
  -7.72010088       1.8330503371544182E-004
  -7.73010111       1.8436645041219890E-004
  -7.74010134       1.8575796275399625E-004
  -7.75010157       1.8750553135760128E-004
  -7.76010180       1.8964239279739559E-004
  -7.77010202       1.9220530521124601E-004
  -7.78010225       1.9524240633472800E-004
  -7.79010248       1.9880793115589768E-004
  -7.80010271       2.0296947332099080E-004
  -7.81010294       2.0780965860467404E-004
  -7.82010317       2.1343019034247845E-004
  -7.83010340       2.1995694260112941E-004
  -7.84010363       2.2754716337658465E-004
  -7.85010386       2.3640300787519664E-004
  -7.86010408       2.4678366025909781E-004
  -7.87010431       2.5902892230078578E-004
  -7.88010454       2.7359259547665715E-004
  -7.89010477       2.9109415481798351E-004
  -7.90010500       3.1240310636349022E-004
  -7.91010523       3.3878587419167161E-004
  -7.92010546       3.7210941081866622E-004
  -7.93010569       4.1534876800142229E-004
  -7.94010592       4.7345328493975103E-004
  -7.95010614       5.5533967679366469E-004
  -7.96010637       6.7886942997574806E-004
  -7.97010660       8.8580208830535412E-004
  -7.98010683       1.3018738245591521E-003
  -7.99010706       2.5612399913370609E-003
