           0           0   0.00000000       0.00000000    
           1           0   0.00000000       0.00000000    
           2           0
           2           1   2.88539004       0.00000000    
           3           1
           3           2   2.73071766       1.23670805    
           4           2   2.88539004       2.03138185    
           5           2
           5           3   3.10667467       2.69342875    
           6           3   3.34866381       3.27792263    
           7           3
           7           4   3.59728861       3.81055331    
           8           4   3.84718680       4.30557728    
           9           4   4.09607649       4.77181292    
          10           4   4.34294462       5.17170668    
          11           4
          11           5   4.58735609       5.59798145    
          12           5   4.82915497       6.00825167    
          13           5
          13           6   5.06832647       6.40488148    
          14           6   5.30492449       6.78970718    
          15           6   5.53904057       7.16418982    
          16           6   5.77078009       7.52951145    
          17           6
          17           7   6.00025415       7.88664579    
          18           7   6.22757244       8.23640347    
          19           7
          19           8   6.45284224       8.57947350    
          20           8   6.67616415       8.91644001    
          21           8   6.89763355       9.24780273    
          22           8   7.11733961       9.57400513    
          23           8
          23           9   7.33536673       9.89542866    
          24           9   7.55179167       10.2124100    
          25           9   7.76668644       10.5252495    
          26           9   7.98011971       10.8342152    
          27           9   8.19215298       11.1395445    
          28           9   8.40284538       11.4414511    
          29           9
          29          10   8.61225224       11.7401314    
          30          10   8.82042313       12.0357609    
          31          10
          31          11   9.02740669       12.3284988    
          32          11   9.23324871       12.6184950    
          33          11   9.43798923       12.9058790    
          34          11   9.64166832       13.1907778    
          35          11   9.84432411       13.4733076    
          36          11   10.0459909       13.7535725    
          37          11
          37          12   10.2467022       14.0316677    
          38          12   10.4464884       14.3351746    
          39          12   10.6453781       14.6090040    
          40          12   10.8434010       14.8809261    
          41          12
          41          13   11.0405827       15.1510143    
          42          13   11.2369480       15.4193354    
          43          13
          43          14   11.4325209       15.6859560    
          44          14   11.6273241       15.9509344    
          45          14   11.8213787       16.2143288    
          46          14   12.0147057       16.4761925    
          47          14
          47          15   12.2073250       16.7365742    
          48          15   12.3992529       16.9955235    
          49          15   12.5905094       17.2530880    
          50          15   12.7811108       17.5093021    
          51          15   12.9710741       17.7642136    
          52          15   13.1604137       18.0178566    
          53          15
          53          16   13.3491449       18.2702732    
          54          16   13.5372810       18.5214939    
          55          16   13.7248383       18.7715473    
          56          16   13.9118280       19.0204716    
          57          16   14.0982628       19.2682972    
          58          16   14.2841558       19.5150509    
          59          16
          59          17   14.4695177       19.7607594    
          60          17   14.6543598       20.0054493    
          61          17
          61          18   14.8386946       20.2491474    
          62          18   15.0225306       20.4918728    
          63          18   15.2058783       20.7336578    
          64          18   15.3887472       20.9745178    
          65          18   15.5711470       21.2144756    
          66          18   15.7530880       21.4535503    
          67          18
          67          19   15.9345770       21.6917610    
          68          19   16.1156235       21.9291306    
          69          19   16.2962360       22.1656761    
          70          19   16.4764233       22.4014130    
          71          19
          71          20   16.6561871       22.6363602    
          72          20   16.8355446       22.8705254    
          73          20
          73          21   17.0144939       23.1039371    
          74          21   17.1930485       23.3366051    
          75          21   17.3712120       23.5685444    
          76          21   17.5489902       23.7997704    
          77          21   17.7263927       24.0302963    
          78          21   17.9034214       24.2601337    
          79          21
          79          22   18.0800877       24.4892941    
          80          22   18.2563934       24.7177963    
          81          22   18.4323444       24.9456463    
          82          22   18.6079483       25.1728554    
          83          22
          83          23   18.7832088       25.3994389    
          84          23   18.9581299       25.6254063    
          85          23   19.1327190       25.8507671    
          86          23   19.3069820       26.0755329    
          87          23   19.4809208       26.2997131    
          88          23   19.6545410       26.5233212    
          89          23
          89          24   19.8278484       26.7463570    
          90          24   20.0008450       26.9688377    
          91          24   20.1735382       27.1907692    
          92          24   20.3459320       27.4121628    
          93          24   20.5180283       27.6330242    
          94          24   20.6898308       27.8533630    
          95          24   20.8613453       28.0731850    
          96          24   21.0325756       28.2924995    
          97          24
          97          25   21.2035255       28.5113163    
          98          25   21.3741970       28.7296410    
          99          25   21.5445957       28.9474792    
         100          25   21.7147236       29.1648407    
         101          25
         101          26   21.8845863       29.3817291    
         102          26   22.0541840       29.5981541    
         103          26
         103          27   22.2235222       29.8141212    
         104          27   22.3926010       30.0296364    
         105          27   22.5614300       30.2447052    
         106          27   22.7300053       30.4593372    
         107          27
         107          28   22.8983364       30.6735325    
         108          28   23.0664177       30.8873024    
         109          28
         109          29   23.2342606       31.1006489    
         110          29   23.4018631       31.3135777    
         111          29   23.5692291       31.5260983    
         112          29   23.7363625       31.7382107    
         113          29
         113          30   23.9032631       31.9499245    
         114          30   24.0699368       32.1612396    
         115          30   24.2363834       32.3721733    
         116          30   24.4026089       32.5827255    
         117          30   24.5686111       32.7928963    
         118          30   24.7343941       33.0026855    
         119          30   24.8999653       33.2120934    
         120          30   25.0653172       33.4211311    
         121          30   25.2304592       33.6298141    
         122          30   25.3953934       33.8381348    
         123          30   25.5601177       34.0460968    
         124          30   25.7246380       34.2537117    
         125          30   25.8889561       34.4609795    
         126          30   26.0530720       34.6679039    
         127          30
         127          31   26.2169876       34.8744888    
         128          31   26.3807087       35.0807419    
         129          31   26.5442352       35.2866592    
         130          31   26.7075653       35.4922485    
         131          31
         131          32   26.8707066       35.6975136    
         132          32   27.0336590       35.9024582    
         133          32   27.1964226       36.1070824    
         134          32   27.3589993       36.3113976    
         135          32   27.5213928       36.5153999    
         136          32   27.6836052       36.7190971    
         137          32
         137          33   27.8456364       36.9224892    
         138          33   28.0074883       37.1255760    
         139          33
         139          34   28.1691628       37.3283691    
         140          34   28.3306618       37.5308647    
         141          34   28.4919853       37.7330666    
         142          34   28.6531372       37.9349785    
         143          34   28.8141193       38.1366043    
         144          34   28.9749317       38.3379440    
         145          34   29.1355762       38.5390053    
         146          34   29.2960510       38.7397881    
         147          34   29.4563637       38.9402962    
         148          34   29.6165123       39.1405334    
         149          34
         149          35   29.7764988       39.3404961    
         150          35   29.9363232       39.5401917    
         151          35
         151          36   30.0959911       39.7196922    
         152          36   30.2554970       39.9188843    
         153          36   30.4148464       40.1178207    
         154          36   30.5740433       40.3164902    
         155          36   30.7330818       40.5149040    
         156          36   30.8919697       40.7130661    
         157          36
         157          37   31.0507050       40.9109764    
         158          37   31.2092915       41.1086426    
         159          37   31.3677254       41.3060570    
         160          37   31.5260143       41.5032272    
         161          37   31.6841545       41.7001572    
         162          37   31.8421478       41.8968430    
         163          37
         163          38   32.0000000       42.0932922    
         164          38   32.1577034       42.2895050    
         165          38   32.3152695       42.4854851    
         166          38   32.4726906       42.6812286    
         167          38
         167          39   32.6299744       42.8767433    
         168          39   32.7871170       43.0720291    
         169          39   32.9441223       43.2670860    
         170          39   33.1009865       43.4619217    
         171          39   33.2577171       43.6565323    
         172          39   33.4143143       43.8509216    
         173          39
         173          40   33.5707741       44.0450897    
         174          40   33.7271042       44.2390442    
         175          40   33.8833008       44.4327812    
         176          40   34.0393677       44.6263046    
         177          40   34.1953011       44.8196144    
         178          40   34.3511047       45.0127106    
         179          40
         179          41   34.5067825       45.2056007    
         180          41   34.6623344       45.3982811    
         181          41
         181          42   34.8177567       45.5907555    
         182          42   34.9730530       45.7830276    
         183          42   35.1282272       45.9750977    
         184          42   35.2832718       46.1669617    
         185          42   35.4381981       46.3586311    
         186          42   35.5929985       46.5500984    
         187          42   35.7476807       46.7413673    
         188          42   35.9022408       46.9324455    
         189          42   36.0566826       47.1233330    
         190          42   36.2110023       47.3140297    
         191          42
         191          43   36.3652039       47.5045357    
         192          43   36.5192909       47.6948509    
         193          43
         193          44   36.6732597       47.8849754    
         194          44   36.8271141       48.0749092    
         195          44   36.9808464       48.2646523    
         196          44   37.1344719       48.4542122    
         197          44
         197          45   37.2879829       48.6435928    
         198          45   37.4413757       48.8327866    
         199          45
         199          46   37.5946617       49.0218048    
         200          46   37.7478333       49.2106400    
         201          46   37.9008980       49.3992958    
         202          46   38.0538483       49.5877800    
         203          46   38.2066841       49.7760849    
         204          46   38.3594208       49.9642181    
         205          46   38.5120468       50.1521759    
         206          46   38.6645622       50.3399620    
         207          46   38.8169708       50.5275764    
         208          46   38.9692764       50.7150230    
         209          46   39.1214752       50.9022980    
         210          46   39.2735710       51.0894051    
         211          46
         211          47   39.4255600       51.2763481    
         212          47   39.5774422       51.4631233    
         213          47   39.7292252       51.6497345    
         214          47   39.8809090       51.8361855    
         215          47   40.0324898       52.0224686    
         216          47   40.1839638       52.2085953    
         217          47   40.3353424       52.3945580    
         218          47   40.4866180       52.5803642    
         219          47   40.6377945       52.7660103    
         220          47   40.7888756       52.9514999    
         221          47   40.9398537       53.1368332    
         222          47   41.0907364       53.3220139    
         223          47
         223          48   41.2415237       53.5070343    
         224          48   41.3922119       53.6919022    
         225          48   41.5428047       53.8766174    
         226          48   41.6933022       54.0611839    
         227          48
         227          49   41.8437042       54.2456017    
         228          49   41.9940109       54.4298668    
         229          49
         229          50   42.1442261       54.6139832    
         230          50   42.2943459       54.7979507    
         231          50   42.4443741       54.9817734    
         232          50   42.5943069       55.1654510    
         233          50
         233          51   42.7441483       55.3489799    
         234          51   42.8938980       55.5323677    
         235          51   43.0435600       55.7156105    
         236          51   43.1931305       55.8987122    
         237          51   43.3426132       56.0816689    
         238          51   43.4920006       56.2644844    
         239          51
         239          52   43.6413040       56.4471588    
         240          52   43.7905159       56.6296959    
         241          52
         241          53   43.9396400       56.8120956    
         242          53   44.0886765       56.9943542    
         243          53   44.2376251       57.1764755    
         244          53   44.3864899       57.3584595    
         245          53   44.5352669       57.5403099    
         246          53   44.6839561       57.7220230    
         247          53   44.8325615       57.9036064    
         248          53   44.9810829       58.0850525    
         249          53   45.1295204       58.2663727    
         250          53   45.2778702       58.4475517    
         251          53
         251          54   45.4261398       58.6286049    
         252          54   45.5743256       58.8095284    
         253          54   45.7224274       58.9903221    
         254          54   45.8704453       59.1709785    
         255          54   46.0183830       59.3515091    
         256          54   46.1662407       59.5319138    
         257          54
         257          55   46.3140144       59.7121887    
         258          55   46.4617119       59.8923378    
         259          55   46.6093254       60.0723610    
         260          55   46.7568550       60.2522659    
         261          55   46.9043121       60.4320450    
         262          55   47.0516853       60.6116982    
         263          55
         263          56   47.1989822       60.7912254    
         264          56   47.3461990       60.9706383    
         265          56   47.4933357       61.1499214    
         266          56   47.6404037       61.3290863    
         267          56   47.7873840       61.5081291    
         268          56   47.9342880       61.6870537    
         269          56
         269          57   48.0811234       61.8658562    
         270          57   48.2278748       62.0445442    
         271          57
         271          58   48.3745537       62.2231140    
         272          58   48.5211563       62.4015656    
         273          58   48.6676826       62.5798988    
         274          58   48.8141365       62.7581139    
         275          58   48.9605141       62.9362144    
         276          58   49.1068153       63.1142006    
         277          58
         277          59   49.2530441       63.2920723    
         278          59   49.3992043       63.4698296    
         279          59   49.5452881       63.6474724    
         280          59   49.6912994       63.8250046    
         281          59
         281          60   49.8372345       64.0024185    
         282          60   49.9830971       64.1797180    
         283          60
         283          61   50.1288948       64.3569107    
         284          61   50.2746124       64.5339966    
         285          61   50.4202652       64.7109680    
         286          61   50.5658417       64.8878403    
         287          61   50.7113533       65.0645905    
         288          61   50.8567924       65.2412415    
         289          61   51.0021591       65.4177780    
         290          61   51.1474609       65.5942078    
         291          61   51.2926903       65.7705307    
         292          61   51.4378471       65.9467392    
         293          61
         293          62   51.5829391       66.1228485    
         294          62   51.7279625       66.2988510    
         295          62   51.8729172       66.4747467    
         296          62   52.0178032       66.6505432    
         297          62   52.1626205       66.8262253    
         298          62   52.3073730       67.0018082    
         299          62   52.4520569       67.1772919    
         300          62   52.5966759       67.3526688    
         301          62   52.7412262       67.5279465    
         302          62   52.8857155       67.7031174    
         303          62   53.0301323       67.8781891    
         304          62   53.1744843       68.0531616    
         305          62   53.3187752       68.2280350    
         306          62   53.4629936       68.4028015    
         307          62
         307          63   53.6071548       68.5774689    
         308          63   53.7512474       68.7520447    
         309          63   53.8952751       68.9265137    
         310          63   54.0392380       69.1008835    
         311          63
         311          64   54.1831398       69.2751617    
         312          64   54.3269768       69.4493408    
         313          64
         313          65   54.4707489       69.6234207    
         314          65   54.6144600       69.7974091    
         315          65   54.7581100       69.9712982    
         316          65   54.9016953       70.1450806    
         317          65
         317          66   55.0452194       70.3187714    
         318          66   55.1886749       70.4923706    
         319          66   55.3320770       70.6658783    
         320          66   55.4754143       70.8392868    
         321          66   55.6186905       71.0126038    
         322          66   55.7619057       71.1858292    
         323          66   55.9050598       71.3589630    
         324          66   56.0481529       71.5319977    
         325          66   56.1911850       71.7049408    
         326          66   56.3341599       71.8777924    
         327          66   56.4770699       72.0505524    
         328          66   56.6199265       72.2232285    
         329          66   56.7627182       72.3958130    
         330          66   56.9054527       72.5682983    
         331          66
         331          67   57.0481300       72.7406921    
         332          67   57.1907463       72.9130020    
         333          67   57.3333015       73.0852203    
         334          67   57.4758034       73.2573547    
         335          67   57.6182480       73.4293976    
         336          67   57.7606316       73.6013489    
         337          67
         337          68   57.9029541       73.7732162    
         338          68   58.0452232       73.9449921    
         339          68   58.1874352       74.1166840    
         340          68   58.3295898       74.2882919    
         341          68   58.4716873       74.4598160    
         342          68   58.6137276       74.6312408    
         343          68   58.7557106       74.8025818    
         344          68   58.8976402       74.9738388    
         345          68   59.0395088       75.1450119    
         346          68   59.1813240       75.3161011    
         347          68
         347          69   59.3230858       75.4871063    
         348          69   59.4647903       75.6580276    
         349          69
         349          70   59.6064415       75.8288651    
         350          70   59.7480354       75.9996185    
         351          70   59.8895721       76.1702881    
         352          70   60.0310593       76.3408737    
         353          70
         353          71   60.1724930       76.5113754    
         354          71   60.3138657       76.6817932    
         355          71   60.4551888       76.8521347    
         356          71   60.5964584       77.0223923    
         357          71   60.7376747       77.1925659    
         358          71   60.8788338       77.3626633    
         359          71
         359          72   61.0199432       77.5326767    
         360          72   61.1609993       77.7026138    
         361          72   61.3020020       77.8724670    
         362          72   61.4429512       78.0422440    
         363          72   61.5838432       78.2119370    
         364          72   61.7246895       78.3815536    
         365          72   61.8654823       78.5510941    
         366          72   62.0062256       78.7205505    
         367          72
         367          73   62.1469154       78.8899307    
         368          73   62.2875481       79.0592346    
         369          73   62.4281349       79.2284622    
         370          73   62.5686646       79.3976059    
         371          73   62.7091484       79.5666733    
         372          73   62.8495827       79.7356644    
         373          73
         373          74   62.9899635       79.9045792    
         374          74   63.1302910       80.0734177    
         375          74   63.2705727       80.2421799    
         376          74   63.4108009       80.4108658    
         377          74   63.5509796       80.5794754    
         378          74   63.6911125       80.7480087    
         379          74
         379          75   63.8311882       80.9164658    
         380          75   63.9712181       81.0848541    
         381          75   64.1111984       81.2531662    
         382          75   64.2511292       81.4214020    
         383          75
         383          76   64.3910141       81.5895615    
         384          76   64.5308456       81.7576523    
         385          76   64.6706314       81.9256668    
         386          76   64.8103638       82.0936050    
         387          76   64.9500580       82.2614746    
         388          76   65.0896912       82.4292679    
         389          76
         389          77   65.2292862       82.5969925    
         390          77   65.3688202       82.7646408    
         391          77   65.5083160       82.9322205    
         392          77   65.6477661       83.0997314    
         393          77   65.7871628       83.2671661    
         394          77   65.9265213       83.4345322    
         395          77   66.0658264       83.6018295    
         396          77   66.2050781       83.7690506    
         397          77
         397          78   66.3442917       83.9362030    
         398          78   66.4834518       84.1032867    
         399          78   66.6225739       84.2702942    
         400          78   66.7616425       84.4372330    
         401          78
         401          79   66.9006653       84.6041031    
         402          79   67.0396423       84.7709045    
         403          79   67.1785736       84.9376373    
         404          79   67.3174591       85.1043015    
         405          79   67.4562988       85.2708969    
         406          79   67.5950928       85.4374237    
         407          79   67.7338409       85.6038818    
         408          79   67.8725433       85.7702789    
         409          79
         409          80   68.0112000       85.9365997    
         410          80   68.1498184       86.1028519    
         411          80   68.2883835       86.2690353    
         412          80   68.4269104       86.4351578    
         413          80   68.5653839       86.6012115    
         414          80   68.7038193       86.7671967    
         415          80   68.8422089       86.9331207    
         416          80   68.9805527       87.0989761    
         417          80   69.1188507       87.2647629    
         418          80   69.2571106       87.4304810    
         419          80
         419          81   69.3953247       87.5961380    
         420          81   69.5334930       87.7617264    
         421          81
         421          82   69.6716156       87.9272537    
         422          82   69.8097000       88.0927200    
         423          82   69.9477386       88.2581177    
         424          82   70.0857315       88.4234467    
         425          82   70.2236862       88.5887070    
         426          82   70.3615875       88.7539062    
         427          82   70.4994583       88.9190445    
         428          82   70.6372833       89.0841217    
         429          82   70.7750626       89.2491379    
         430          82   70.9128036       89.4140854    
         431          82
         431          83   71.0504990       89.5789642    
         432          83   71.1881485       89.7437820    
         433          83
         433          84   71.3257599       89.9085388    
         434          84   71.4633331       90.0732346    
         435          84   71.6008606       90.2378769    
         436          84   71.7383423       90.4024429    
         437          84   71.8757935       90.5669479    
         438          84   72.0131912       90.7313919    
         439          84
         439          85   72.1505508       90.8957825    
         440          85   72.2878723       91.0601120    
         441          85   72.4251480       91.2243729    
         442          85   72.5623856       91.3885651    
         443          85
         443          86   72.6995850       91.5527039    
         444          86   72.8367386       91.7167816    
         445          86   72.9738541       91.8808060    
         446          86   73.1109314       92.0447617    
         447          86   73.2479630       92.2086563    
         448          86   73.3849640       92.3724899    
         449          86
         449          87   73.5219116       92.5362701    
         450          87   73.6588211       92.6999969    
         451          87   73.7957001       92.8636475    
         452          87   73.9325333       93.0272446    
         453          87   74.0693283       93.1907883    
         454          87   74.2060776       93.3542786    
         455          87   74.3427887       93.5177002    
         456          87   74.4794693       93.6810608    
         457          87
         457          88   74.6161041       93.8443680    
         458          88   74.7527008       94.0076218    
         459          88   74.8892517       94.1708145    
         460          88   75.0257721       94.3339386    
         461          88
         461          89   75.1622467       94.4970093    
         462          89   75.2986908       94.6600266    
         463          89
         463          90   75.4350891       94.8229904    
         464          90   75.5714569       94.9858780    
         465          90   75.7077789       95.1487198    
         466          90   75.8440628       95.3115082    
         467          90
         467          91   75.9803085       95.4742432    
         468          91   76.1165161       95.6369095    
         469          91   76.2526855       95.7995224    
         470          91   76.3888168       95.9620895    
         471          91   76.5249176       96.1245956    
         472          91   76.6609726       96.2870331    
         473          91   76.7969971       96.4494247    
         474          91   76.9329758       96.6117706    
         475          91   77.0689163       96.7740479    
         476          91   77.2048264       96.9362640    
         477          91   77.3406906       97.0984344    
         478          91   77.4765244       97.2605591    
         479          91
         479          92   77.6123199       97.4226074    
         480          92   77.7480774       97.5846100    
         481          92   77.8838043       97.7465668    
         482          92   78.0194778       97.9084625    
         483          92   78.1551285       98.0702972    
         484          92   78.2907410       98.2320862    
         485          92   78.4263153       98.3938293    
         486          92   78.5618515       98.5554962    
         487          92
         487          93   78.6973572       98.7171173    
         488          93   78.8328171       98.8786926    
         489          93   78.9682465       99.0402069    
         490          93   79.1036377       99.2016678    
         491          93
         491          94   79.2389984       99.3630829    
         492          94   79.3743134       99.5244446    
         493          94   79.5095978       99.6857376    
         494          94   79.6448441       99.8469925    
         495          94   79.7800598       100.008202    
         496          94   79.9152374       100.169334    
         497          94   80.0503845       100.330429    
         498          94   80.1854935       100.491486    
         499          94
         499          95   80.3205643       100.652466    
         500          95   80.4555969       100.813400    
